0.00 1.00
10.00 0.98
20.00 0.94
30.00 0.87
40.00 0.77
50.00 0.64
60.00 0.50
70.00 0.34
80.00 0.17
90.00 0.00
100.00 -0.17
110.00 -0.34
120.00 -0.50
130.00 -0.64
140.00 -0.77
150.00 -0.87
160.00 -0.94
170.00 -0.98
180.00 -1.00
190.00 -0.98
200.00 -0.94
210.00 -0.87
220.00 -0.77
230.00 -0.64
240.00 -0.50
250.00 -0.34
260.00 -0.17
270.00 -0.00
280.00 0.17
290.00 0.34
300.00 0.50
310.00 0.64
320.00 0.77
330.00 0.87
340.00 0.94
350.00 0.98
360.00 1.00
0.00 1.00
10.00 0.98
20.00 0.94
30.00 0.87
40.00 0.77
50.00 0.64
60.00 0.50
70.00 0.34
80.00 0.17
90.00 0.00
100.00 -0.17
110.00 -0.34
120.00 -0.50
130.00 -0.64
140.00 -0.77
150.00 -0.87
160.00 -0.94
170.00 -0.98
180.00 -1.00
190.00 -0.98
200.00 -0.94
210.00 -0.87
220.00 -0.77
230.00 -0.64
240.00 -0.50
250.00 -0.34
260.00 -0.17
270.00 -0.00
280.00 0.17
290.00 0.34
300.00 0.50
310.00 0.64
320.00 0.77
330.00 0.87
340.00 0.94
350.00 0.98
360.00 1.00
0.00 1.00
0.00 1.00
0.00 1.00
0.00 1.00
10.00 0.98
0.00 1.00
10.00 0.98
0.00 1.00
10.00 0.98
0.00 1.00
10.00 0.98
0.00 1.00
10.00 0.98
20.00 0.94
30.00 0.87
40.00 0.77
50.00 0.64
60.00 0.50
70.00 0.34
80.00 0.17
90.00 0.00
100.00 -0.17
110.00 -0.34
120.00 -0.50
130.00 -0.64
140.00 -0.77
150.00 -0.87
160.00 -0.94
170.00 -0.98
180.00 -1.00
190.00 -0.98
200.00 -0.94
210.00 -0.87
220.00 -0.77
230.00 -0.64
240.00 -0.50
250.00 -0.34
260.00 -0.17
270.00 -0.00
280.00 0.17
290.00 0.34
300.00 0.50
310.00 0.64
320.00 0.77
330.00 0.87
340.00 0.94
350.00 0.98
360.00 1.00
0.00 1.00
10.00 0.98
